4294967278,374
4294967278,255
4294967278,225
4294967278,349
4294967278,401
4294967279,174
4294967294,1095
4294967294,1093
4294967294,1090
4294967294,1089
4294967294,1015
4294967294,1014
4294967294,1012
4294967294,1011
4294967294,1009
4294967294,1008
4294967294,1006
4294967294,997
4294967294,421
4294967294,190
4294967294,185
4294967294,176
4294967294,173
4294967294,163
4294967294,161
4294967294,1091
4294967294,1013
4294967294,1002
4294967294,998
4294967294,996
4294967294,182
4294967294,18
4294967294,127
4294967294,14
4294967294,126
4294967294,20
4294967294,13
4294967294,104
4294967294,106
4294967294,1417
4294967294,437
4294967279,346
4294967278,249
4294967279,563
4294967294,118
4294967278,436
4294967278,372
4294967279,251
4294967294,507
257,6
257,5
257,4
257,3
257,2
257,1
4294967279,378
4294967278,369
254,6
4294967279,315
4294967279,0
254,5
254,4
254,3
254,2
254,1
4294967278,414
4294967279,309
4294967278,397
252,6
4294967278,355
252,5
252,4
252,3
252,2
252,1
4294967294,506
251,5
251,4
251,3
251,2
251,1
4294967294,116
250,4
250,3
250,2
250,1
4294967278,342
4294967278,416
4294967278,229
4294967279,228
4294967294,1094
4294967294,1007
4294967294,1004
4294967294,999
4294967294,995
4294967294,170
4294967279,377
4294967294,114
4294967294,115
249,6
249,5
249,4
249,2
249,1
4294967279,287
4294967278,435
4294967294,89
4294967279,376
246,6
4294967294,400
246,5
246,4
246,3
246,2
246,1
4294967294,120
244,6
4294967294,392
4294967294,393
244,5
244,4
244,3
244,2
244,1
243,5
4294967294,468
243,4
4294967294,1000
4294967294,1001
4294967294,186
4294967294,1175
243,3
243,2
243,1
4294967294,1
4294967294,505
4294967294,17
4294967294,99
4294967294,76
242,4
242,3
242,2
242,1
0,7
4294967294,29
4294967294,28
4294967294,27
4294967294,0
4294967294,5
4294967294,25
4294967294,46
4294967294,45
4294967294,389
4294967294,390
4294967294,44
4294967294,2
4294967279,337
4294967294,107
4294967294,50
4294967294,91
4294967294,90
4294967294,87
4294967294,86
4294967294,85
4294967294,84
4294967294,1174
4294967294,419
4294967294,1173
4294967294,1017
4294967294,1016
4294967294,1018
4294967294,26
4294967294,53
4294967294,52
4294967294,427
4294967294,40
4294967294,41
4294967294,38
4294967294,37
4294967294,42
4294967294,36
4294967294,39
4294967294,394
4294967294,24
4294967294,96
4294967294,94
4294967294,9
4294967294,8
4294967294,7
4294967294,6
4294967294,22
4294967294,436
4294967278,410
4294967294,67
4294967294,93
4294967294,95
4294967294,424
4294967294,43
4294967294,417
4294967294,51
4294967294,92
4294967294,88
4294967294,81
4294967294,1098
4294967294,82
4294967294,1418
4294967294,83
4294967294,11
4294967294,68
4294967278,132
4294967278,131
4294967278,130
4294967278,129
4294967278,128
4294967278,127
4294967278,126
4294967278,125
4294967278,124
4294967278,123
4294967278,122
4294967278,121
4294967278,120
4294967278,119
4294967278,118
4294967278,117
4294967278,116
4294967278,115
4294967278,114
4294967278,113
4294967278,112
4294967278,111
4294967278,110
4294967278,109
4294967278,108
4294967278,107
4294967278,106
4294967278,105
4294967278,104
4294967278,103
4294967278,102
4294967278,101
4294967278,100
4294967278,99
4294967278,98
4294967278,97
4294967278,96
4294967278,95
4294967278,94
4294967278,93
4294967278,92
4294967278,90
4294967278,89
4294967278,87
4294967278,86
4294967278,85
4294967278,84
4294967278,83
4294967278,81
4294967278,79
4294967278,78
4294967278,76
4294967278,75
4294967278,74
4294967278,70
4294967278,68
4294967278,66
4294967278,65
4294967278,63
4294967278,62
4294967278,61
4294967278,60
4294967278,57
4294967278,56
4294967278,53
4294967278,51
4294967278,50
4294967278,49
4294967278,48
4294967278,47
4294967278,46
4294967279,45
4294967279,34
4294967279,24
4294967279,9
4294967279,8
4294967279,5
4294967279,4
238,8
238,7
4294967279,338
4294967278,361
4294967278,391
241,6
241,5
241,4
241,2
241,1
4294967278,434
4294967279,313
4294967278,91
4294967294,397
4294967279,545
238,6
4294967279,345
238,5
238,4
238,3
238,2
238,1
4294967278,305
4294967279,530
236,6
4294967294,401
4294967279,296
236,5
236,4
236,3
236,2
236,1
235,5
235,4
235,3
235,2
235,1
4294967279,341
234,4
234,3
234,2
234,1
4294967294,418
4294967294,189
4294967294,458
4294967278,398
4294967278,82
4294967278,80
4294967278,77
4294967278,73
4294967278,72
4294967278,71
4294967278,69
4294967278,67
4294967278,64
4294967278,59
4294967278,58
4294967278,55
4294967278,54
4294967278,52
4294967279,285
4294967278,433
230,8
230,0
230,7
4294967278,432
4294967279,343
233,6
233,5
233,4
233,2
233,1
4294967278,431
4294967278,430
4294967279,515
4294967278,412
4294967278,319
4294967294,504
230,6
4294967278,429
230,5
230,4
230,3
230,2
230,1
4294967278,377
228,6
228,5
228,4
228,3
228,2
228,1
4294967294,467
4294967294,113
227,5
227,4
227,3
227,2
227,1
4294967294,162
4294967294,1092
226,4
226,3
226,2
226,1
4294967279,232
4294967279,230
4294967278,233
4294967278,413
4294967278,260
4294967279,43
4294967279,286
4294967279,27
4294967279,137
4294967279,18
222,7
4294967279,172
4294967279,570
4294967279,375
4294967278,308
4294967279,175
225,6
4294967279,177
225,5
225,4
4294967279,176
225,2
225,1
4294967279,342
4294967279,374
4294967279,297
4294967279,167
4294967279,166
4294967279,165
4294967279,163
4294967279,162
4294967278,331
4294967279,520
4294967278,395
222,6
4294967278,298
222,5
222,4
222,3
222,2
222,1
4294967279,327
4294967278,320
4294967279,30
4294967279,514
4294967294,503
220,6
4294967294,396
4294967294,179
4294967294,391
4294967294,110
4294967294,459
220,5
220,4
220,3
220,2
220,1
4294967294,502
219,5
219,4
219,3
219,2
219,1
4294967278,271
218,4
218,3
218,2
218,1
4294967279,274
4294967279,568
4294967294,30
4294967294,1167
4294967294,1166
4294967294,1164
4294967294,1163
4294967294,1158
4294967294,1019
4294967294,992
4294967294,990
4294967294,989
4294967294,988
4294967294,987
4294967294,60
4294967294,12
4294967279,25
4294967279,21
4294967279,7
4294967279,340
214,8
214,7
4294967278,376
4294967278,339
4294967278,333
4294967279,284
4294967278,428
217,6
217,5
217,4
217,2
217,1
4294967279,512
4294967278,383
4294967279,6
4294967279,569
4294967278,381
4294967278,379
214,6
4294967279,571
4294967278,247
214,5
214,4
214,3
214,2
214,1
4294967279,226
4294967294,501
4294967278,223
4294967279,220
212,6
212,5
212,4
212,3
212,2
212,1
4294967278,364
211,5
211,4
211,3
211,2
211,1
4294967278,427
4294967294,500
210,4
210,3
210,2
210,1
4294967279,543
4294967278,409
4294967279,308
4294967279,330
4294967279,305
206,8
206,7
4294967278,189
4294967278,188
4294967278,186
4294967279,168
4294967278,227
4294967279,214
4294967278,272
4294967279,554
4294967278,411
4294967279,373
209,6
209,5
209,4
209,2
209,1
4294967294,395
4294967294,385
4294967294,178
4294967294,403
4294967294,460
4294967294,410
4294967279,312
4294967279,372
4294967278,304
4294967279,304
4294967278,190
206,6
4294967294,1421
4294967294,1420
4294967278,346
206,5
206,4
4294967279,178
206,3
206,2
206,1
4294967279,299
4294967279,173
4294967279,339
4294967279,171
4294967294,499
4294967294,1088
4294967279,170
4294967279,529
4294967278,303
4294967279,169
204,6
204,5
4294967279,164
204,4
204,3
204,2
204,1
4294967279,161
203,5
203,4
203,3
203,2
203,1
4294967279,371
202,4
202,3
202,2
202,1
0,5
4294967279,288
4294967278,325
4294967278,0
4294967279,370
4294967279,538
